max_of download wifi 207200
max_of download cellular 114369
max_of upload wifi 85775
max_of upload cellular 82565
max_of ping wifi 3515
max_of ping cellular 4553
min_of download wifi 218
min_of download cellular 201
min_of upload wifi 1
min_of upload cellular 14
min_of ping wifi 29
min_of ping cellular 46
average_of download wifi 10563
average_of download cellular 13146
average_of upload wifi 4597
average_of upload cellular 8367
average_of ping wifi 66
average_of ping cellular 162
evolution_of_metrics download wifi [3343, 4078, 6898, 7263, 7098, 6480, 8261, 8897, 9845, 9255, 8550, 10525, 10568, 11768, 10643, 10377, 10250, 10553, 10632, 10986, 9601, 9465, 11126, 11739, 10461, 11203, 10416, 11138, 10449, 10107, 11014, 10722, 10737, 10909, 10780, 10267, 10512, 10126, 10096, 9980, 10177, 9836, 10355, 10515, 9799, 9510, 9920, 10353, 9396, 9014, 9039, 10765, 9316, 11378, 10039, 10097, 10328, 9620, 9978, 10170, 10382, 9634, 10102, 9450, 11039, 10063, 10166, 10198, 11261, 10157, 11287, 10226, 10656, 11337, 10315, 10308, 10585, 10542, 9215, 9990, 9711, 10257, 9701, 9687, 9141, 9812, 9825, 9910, 9827, 11157, 9680, 9543, 9680, 9051, 9279, 9287, 9965, 10743, 9562, 9554, 10104, 9324, 10282, 9511, 9246, 8873, 8872, 10226, 9209, 9629, 10691, 10614, 11543, 9484, 10692, 10463, 10167, 9812, 10088, 9659, 10902, 9442, 10685, 9624, 10816, 9293, 10644, 9745, 10057, 9832, 9138, 10898, 10384, 9267, 9883, 9431, 9954, 9629, 9868, 9273, 9437, 10062, 9942, 9613, 9034, 9328, 9488, 9663, 9308, 9396, 9826, 8806, 10076, 9521, 9701, 9803, 10061, 9792, 9855, 10762, 9448, 9924, 10070, 10501, 9721, 10267, 9282, 9855, 9550, 10344, 9662, 10673, 9860, 9102, 10772, 9955, 10518, 10354, 10165, 11697, 9667, 10028, 10241, 10852, 10111, 10800, 10258, 9682, 10262, 10525, 9973, 9730, 9548, 10038, 9218, 9942, 9770, 10025, 9502, 9890]
evolution_of_metrics download cellular [1221, 1440, 1835, 2943, 3157, 3371, 4008, 4099, 3556, 3508, 3475, 3884, 3928, 3874, 3867, 4143, 4164, 4197, 4536, 5139, 4929, 4818, 4641, 5346, 5065, 4693, 5481, 4869, 4860, 4998, 5534, 5460, 5346, 5177, 5267, 5038, 5335, 5434, 5637, 5222, 5499, 5713, 5070, 5570, 5277, 5627, 5472, 5986, 5258, 6050, 5997, 5407, 6531, 5933, 6174, 5415, 6564, 6952, 5987, 7119, 6248, 6826, 7466, 7467, 7107, 8090, 7612, 7395, 7581, 7164, 8612, 7378, 8016, 7304, 6761, 7499, 7108, 8273, 6832, 8000, 7633, 7669, 8377, 8467, 7583, 8977, 7374, 5944, 6761, 7957, 10634, 7570, 7552, 7529, 8135, 9428, 7065, 7846, 7586, 8418, 7876, 9406, 7875, 8393, 8723, 7024, 8592, 9371, 7529, 8020, 8762, 8308, 8613, 6611, 7911, 8200, 7100, 8604, 8865, 8729, 8800, 8742, 8676, 8263, 8505, 9204, 10010, 8284, 8148, 8036, 7835, 7832, 8835, 7528, 7285, 8078, 8674, 7619, 8810, 8364, 9564, 8343, 8394, 8421, 7976, 8418, 7785, 8140, 8821, 8051, 8449, 7749, 7732, 7794, 9279, 9426, 7553, 8806, 7486, 8036, 8017, 8674, 9222, 8212, 8517, 9759, 8857, 9872, 8901, 8813, 9604, 8071, 8552, 9002, 8711, 8756, 8001, 9757, 8433, 10459, 8744, 9607, 9703, 10451, 10871, 9578, 9892, 10300, 7951, 11171, 9750, 9876, 8934, 9449, 9977, 9338, 9658, 9260, 8470, 9105]
evolution_of_metrics upload wifi [2011, 1718, 2213, 2471, 2732, 2989, 3115, 3152, 3204, 3427, 3494, 3182, 3972, 3471, 3526, 3740, 3825, 4761, 4461, 4008, 4104, 3678, 3819, 4192, 3943, 4132, 3669, 3652, 3792, 4135, 3778, 4334, 4397, 3715, 4108, 3631, 4519, 3776, 3820, 3346, 3497, 4331, 4127, 4027, 4303, 3741, 4894, 4347, 4547, 4344, 4304, 3686, 4121, 3445, 4305, 3822, 3663, 3892, 4174, 3294, 3830, 3573, 4431, 3932, 4242, 3846, 4443, 4339, 4769, 3873, 4760, 4671, 4726, 3691, 5084, 4174, 3664, 3459, 4212, 3803, 3560, 3763, 4072, 4280, 4363, 3831, 4773, 4318, 4540, 4030, 3591, 3771, 3558, 3955, 4189, 3829, 3625, 3997, 3413, 3397, 3250, 5037, 3799, 3806, 3442, 4060, 3250, 3531, 3773, 4195, 3421, 3409, 3662, 3996, 3487, 3764, 3899, 3567, 3846, 4026, 3342, 3809, 3353, 3422, 3761, 3900, 3172, 3294, 3752, 3602, 3189, 3721, 3203, 3560, 3756, 3418, 3491, 3115, 3713, 3659, 3748, 3168, 3349, 3764, 4120, 3808, 4150, 4452, 3781, 3466, 3918, 3624, 4012, 3056, 3665, 3023, 3444, 3023, 3402, 3000, 2975, 2844, 3393, 3387, 3069, 3509, 3539, 2986, 2979, 2914, 2635, 2360, 2856, 2569, 2843, 2741, 2851, 2830, 2942, 2870, 2926, 2776, 2604, 3292, 2884, 2578, 2912, 2923, 2910, 3172, 2852, 3241, 2931, 3650, 3387, 3885, 3363, 3564, 3497, 3839]
evolution_of_metrics upload cellular [1039, 1374, 869, 1529, 1724, 1564, 1889, 1878, 1878, 1970, 2106, 2030, 2106, 2163, 2369, 2312, 2739, 2449, 2529, 2465, 2967, 2380, 2555, 2947, 2553, 3150, 2913, 3119, 3115, 3395, 3307, 3545, 3426, 3245, 3626, 3324, 3809, 3642, 3938, 3570, 3489, 4078, 3697, 4467, 3983, 3799, 4234, 3906, 4238, 4052, 4173, 4187, 4229, 3994, 4354, 4125, 4057, 4466, 4307, 4300, 4419, 4339, 4414, 4234, 4678, 4587, 4460, 4679, 4320, 4251, 4162, 4254, 4184, 4297, 4515, 4514, 4156, 4456, 4195, 4393, 4496, 4078, 4052, 4463, 4546, 4381, 4503, 4485, 4032, 4272, 4353, 4181, 4152, 4846, 4423, 5031, 4288, 4652, 5190, 5107, 4759, 4475, 4673, 4859, 4574, 4346, 4380, 4721, 4763, 5390, 4487, 4555, 4482, 4552, 5191, 5465, 4756, 4682, 4751, 4573, 5130, 4853, 5024, 4502, 4393, 4596, 4953, 5222, 5916, 5178, 4586, 5107, 4957, 4910, 4936, 5229, 4898, 5322, 4937, 4794, 4658, 4823, 5382, 4589, 6224, 4917, 4971, 5210, 4829, 5158, 5224, 5035, 4873, 5263, 4803, 5122, 4555, 5103, 4993, 5198, 5035, 5028, 4736, 5055, 5080, 4852, 5301, 5615, 5012, 5327, 5155, 5177, 5002, 5432, 5209, 5183, 5210, 5319, 5046, 5329, 5271, 5311, 5233, 5435, 5090, 5386, 5580, 5240, 5940, 5383, 5284, 5393, 5670, 5414, 5089, 5267, 5110, 6375, 5355, 5469]
evolution_of_metrics ping wifi [57, 88, 71, 56, 62, 62, 62, 88, 48, 85, 87, 74, 49, 47, 60, 67, 52, 50, 56, 96]
evolution_of_metrics ping cellular [117, 118, 138, 132, 147, 102, 93, 89, 97, 84, 416, 322, 247, 197, 173, 161, 147, 150, 166, 146]
average_by_hour download wifi [10079, 10051, 10124, 9883, 10084, 10157, 10110, 10148, 10102, 16049, 9467, 11094, 9177, 9443, 15294, 23346, 8431, 6268, 8410, 8891, 10084, 11587, 9896, 12327]
average_by_hour download cellular [0, 15540, 0, 0, 0, 0, 0, 0, 18982, 8651, 16744, 9686, 13551, 10270, 15400, 8333, 10187, 2870, 13468, 2266, 26553, 5876, 6418, 14602]
average_by_hour upload wifi [1006, 1025, 948, 980, 936, 968, 971, 984, 981, 2821, 965, 4394, 3509, 9537, 17636, 13891, 7416, 7719, 4612, 11973, 986, 10195, 959, 3543]
average_by_hour upload cellular [0, 8610, 0, 0, 0, 0, 0, 0, 5147, 951, 12091, 4862, 15973, 3046, 14876, 2114, 11784, 1164, 11233, 1387, 19169, 12163, 216, 5240]
average_by_hour ping wifi [69, 65, 71, 86, 46, 57, 48, 46, 67, 50, 47, 78, 47, 72, 39, 47, 119, 100, 96, 38, 77, 51, 46, 55]
average_by_hour ping cellular [0, 53, 0, 0, 0, 0, 0, 0, 70, 76, 120, 76, 61, 361, 355, 165, 63, 373, 128, 134, 93, 84, 102, 68]